-0.060332864780022345
0.6443830778971777
-0.8111410052281847
1.1579332438616359
0.43140616983761637
1.3059658473708748
-0.6872508252461961
-0.24201872185739295
-0.1023780842126625
0.5732793592736684
0.0041699984439591865
-0.10967717750806577
-1.7204972101159461
0.438580121523123
2.2425240212665813
0.8281995252694824
-0.8017694779586608
-0.48275717554863384
-1.4571514437603594
-1.0610620942210662
1.1261244621101438
-0.5326950314728152
-0.685440545562187
0.35718174777212497
1.7777573918927587
-0.6137880327536153
-1.400791022574349
-0.5841755180074037
-0.1594409331457995
0.9441391358703157
0.6989137601932924
-0.862089030136444
-1.346195695847937
1.390243561768247
0.15661904727955733
-2.268642861058917
-0.10347648033886253
0.535174032205796
-0.5896327751109143
1.2646394941748982
1.4543051108893614
-1.6066723418072062
-0.7630914194495028
-0.27313056763548066
-0.2521996876431219
-0.5146282467976785
-0.44204906607706296
-0.1323529047185206
-0.19800117356078284
-1.0234225276057385
-1.303602262061997
0.669506555538224
-0.7316588973343073
-0.04400817018494369
0.30584917232812064
0.3049661307149587
-0.5338829790722033
-0.025763505082980778
0.9382588641220129
1.2496571713916567
-0.9338336198298709
1.5241241466625126
0.43217025830233535
-0.5928767555435968
-1.0755661885121628
0.7821282536470463
-0.5014112215229115
-0.614240085049243
-0.6308174659760201
0.4956337045610572
0.21537869181300523
0.11219793107519771
-0.21947156426578557
0.031066644535118728
-1.2028118879672631
0.10364307711148547
-0.34101608700765296
1.707380345993229
1.4906837165609956
1.4980500676583866
-0.586978243393213
-1.0958039407152724
-0.3105740587768257
0.4938356354444627
-0.3459287083832202
-0.8423144318294782
-0.5665014003661635
-1.8875051575878876
1.9527096235869987
1.200208844151863
1.5071481945390468
-0.8446015466470473
-0.8436871215522871
-0.7769205439004531
0.4576572920824159
-1.18638304685245
0.3029802620863749
0.6636126663280948
0.09838960965484782
2.2146765516599918
-0.011280920003802177
0.9609015172593695
0.9671309778534203
0.73461232592727
-1.107393175114331
-0.22618006879481498
1.5576664033825875
-0.6006802201980549
-0.521179323613845
0.47128124198984933
-0.7485463104496523
1.570486142583673
-0.4024827775124431
0.4875951080945493
0.7139672326780748
-0.262889782258082
1.7885671244688108
-1.0747669749347735
0.06649332280977598
-0.664422717271099
-1.2146260936279116
-0.24647015831522037
0.15631760514668458
1.245722848484128
0.8986950023454725
1.93105646417014
-0.506065078616373
0.9819669870146454
-0.8486396227085035
1.0936319502447291
0.34999270677870276
0.568169015434689
-1.4080863236632133
-0.8670211238231338
2.1148590441949553
0.04025838342700311
0.2399787081621445
-0.6910162146705401
1.178106056021841
-0.9176776165061798
-0.9610489616595825
0.1377683103313723
-1.2338856288310074
-1.1287950717164792
-0.8881837586580479
-0.2496735184680734
-0.40148583078175454
1.0704722433797242
-0.29864057653162074
-1.7344313483058138
-0.32569449566205894
0.12842301199874345
0.3161553160704303
0.28597421817512053
0.3979498447856916
0.2301326988567411
-1.4473684923701167
-0.29529106494406426
0.09842548767281573
-1.882761091870556
0.29532887484797254
0.786546126366816
1.010159737454014
-0.9868593190794718
0.95095486831779
-0.9878590743020254
1.1047070280871538
0.9524116841856133
-1.1141574550223439
0.6038323242459598
-0.6553720189231946
-1.13374910733388
-0.5173901074579719
-0.07978916058435635
0.5680601481170359
0.7787295402932302
0.8366748967265131
-0.14376536652255725
-0.9704273471685352
-0.07067320237925084
-1.159310299158621
-0.5985615217987724
0.274347108542782
0.7581904503059328
1.2281306994675543
-1.670136231201642
1.4962390884557195
-0.8914904845069859
-0.5128972783476143
-0.5426827025087466
-0.5520581231825884
0.3236117032814696
0.005566876275983271
0.4566660295772588
-0.5228582176419359
-1.0933269295121628
-2.7295851983448562
0.0751942022071658
0.10273842485411051
-1.498134904115576
0.46922264506718697
-0.2637130829368108
-1.5876716419374364
0.49045966954844666
-2.1927178810088397
-0.7278676728006893
1.591213231667749
-0.1927297083008215
1.4637545079150298
1.9308149511748298
-0.5470118578229696
-0.02639285578555143
0.4359294678821505
2.234561464017312
0.7428409822474731
-1.7805128192478965
-0.10735362658343756
1.5648978019421462
-0.5704290096149844
-0.8554900338859479
0.6505406759749391
0.6651214517318322
0.08407910231064476
-0.026506509550800916
0.1771962042079941
0.09691163052678556
0.8872151122730336
1.1083265283367598
-1.4501638295225445
-0.7993750302569602
0.7731713276055643
-0.8977403986519337
0.4293379758842948
0.7841662948431082
2.380849704126106
0.5823197342073743
0.9571251707041802
-0.06602861231414452
1.228193362827839
0.01567812167765387
-0.4344824843592584
-0.4189481184914618
0.6489217810964761
-1.1348175435005616
-1.9581878033875684
-1.7933916831612022
0.5625752625786765
0.113543147337688
-0.049750567771549965
-0.8027988530930281
2.0535390611350226
1.2592808566627218
-0.06026034278041668
-0.45864032715654
0.34622176689033846
1.3646435951156861
0.13970819318123728
-0.3478575999621966
0.10419368843131332
1.3574034043512078
0.13806729993377084
-1.083306925024196
-1.8044317482448673
-0.8503772721404208
-2.894869114022587
0.7532967860955353
0.8510134523880325
0.38358601567255485
1.1328927251773655
1.4183735076567026
0.45040145147283756
0.7181182186446384
-0.7221704989506228
-0.5792771220911203
-1.1159520539205736
0.558657688345585
-1.7590842457762381
0.35978033892888645
0.005858872014483566
-1.1582192763967396
0.6395401529634052
1.5260731735322268
-1.656494959973151
0.27050413644944765
0.054252950027894965
-0.6754930272399468
2.2668282383378586
0.06632966122500178
0.24428806067661196
0.14050761120341182
-0.5348744041566107
0.23334031702645985
-0.6528352729683753
-0.6826097381388002
-0.693564095217906
-2.5963238079426803
-1.0087734520803655
-0.06646359569658551
-0.01660547115013902
-0.9990077778150739
-1.0840818966290648
-1.0802541603154334
0.2913654619299061
0.8905621383270383
-0.39433686062165557
1.1205785213742878
0.6423339201837317
2.219238110540023
-1.8777239201098779
-0.3631371105081989
-0.2042519160405187
-0.6678458982322506
0.15608554028061322
1.203132461668271
1.4535267550410913
-0.764512349095652
-0.7851620518806544
-1.2645439864835055
-1.246761900105629
0.18304289930738835
-0.05355245353405764
0.7008294715386281
-1.271618838919619
-0.815427805134675
0.7753034394716022
-1.3819618702461536
-0.29192816327567694
-0.9373966866926792
-1.7908281062848304
-0.46353470075575326
2.0621114755450836
0.4767790278706181
-0.09820883536442751
0.575845478355641
0.9669762666653566
0.49283434092024764
-0.34007810794998217
0.5549990747603427
0.8126752855155047
1.0095997572867357
-0.09466997315480398
-1.1061869498821832
1.0991649142322357
-0.6626930159988295
-2.148400439518226
-0.34115389599720697
-2.726649034285607
0.19511373018974368
-1.059105174672598
-1.4152934178355783
1.7994895883331923
-0.4413061029019666
0.25759592526102754
0.6495224240720066
-0.056489576209449575
1.0202878109261042
0.2587635627324076
0.03454795527529468
-1.644955667568874
-1.4073048944813709
0.19330237011015128
0.554757367104688
-0.9650929344556286
0.7702006885901959
0.6257545713557953
-0.40612082222070733
-0.5923448327125755
-1.105849827889628
0.18260494149364428
0.6626142251353208
1.580733002448992
-0.7383026591474181
1.294375325632384
1.3525310566328412
0.8337252963241675
-0.11681752026708177
-0.4553903603502989
-1.650031674950105
-0.8066421926538826
-0.46503950552035517
0.7548529486701543
-0.8875048501548013
0.7959928912690932
0.6647007353848771
2.23624781572766
0.12353301900713536
0.2172013353035232
0.2529804755226565
-0.18362237582638247
0.8127081047627566
0.4793032439387531
0.9069349840903561
0.10382123488074342
0.027550007900166814
-0.11375092055374984
0.57074769395037
-0.8973165911447561
0.661878516726004
0.29857009166019166
-0.06628066926873948
-0.7395149945436567
-1.3060395449999775
0.44366296641725766
-0.33693225671255356
-1.4739935164531812
-1.4275057394209845
0.06958598173379793
-0.10322002692479783
-0.36302924397843195
0.5357990631943428
0.08914272877833981
1.3152381196220337
0.16324767800207157
-0.8472229224586149
-0.9398075978339917
0.6036351482244142
-0.8107325224619182
-0.9695882921712244
0.47914381036665127
0.49095398286617403
-0.8589709851373282
1.602294537767689
-0.10769660540972624
0.012462475581721639
-0.030551809197911187
-0.7418572571716925
1.1305558826085211
-1.305897133010127
-1.4698734823480606
-0.5247568034780082
-0.088289319768963
0.5277061192440099
-0.6745259917523024
-0.6682402758227971
-1.5879092412453293
-1.9685571042993748
1.0564271733607087
0.47600395582043675
0.04168605882218874
1.0500446202203741
0.2640266536406206
0.10500126761809385
0.472093655274411
0.6652708380732892
0.7648362162979333
-0.7327880576150649
-0.5835301166381613
0.534197611218897
0.23132120405530265
0.195883054990898
0.059164640752125776
-0.7288685316770624
1.5533158347681564
-1.957728766144621
1.892344420451277
0.5023826808679559
-0.7724293092156903
0.014388756152638467
1.3578495294002815
-0.20918258577781998
1.6656083403837594
-0.0378983746430776
0.8895974842034726
1.6140163577984603
0.04559381319620535
0.37387417407598017
0.181579080213047
0.4185653307375775
-0.723925289849398
2.320215696163441
2.7295978302751376
-0.8905784372085045
-1.001205258774321
-1.7821487874539352
-0.3870704544383539
0.6628887828016353
0.5609420566297691
1.6901406198613231
-1.145304563636775
-0.4640176699573693
-0.4773067215608742
-0.35208484820354685
-0.17706566619506428
1.6074597095528007
0.15601820958056417
-0.23110062534084216
-0.2006062596442404
0.23780076830469674
-0.769030203751368
-0.3771296641559184
1.0169641898068222
-0.25324223275321
-0.590716592386814
-1.2397843522475105
2.2230843278408985
1.0014824671440294
-0.41595634042940266
-0.1155221333579588
1.102799260492556
-1.441068947908307
-0.23457809817270225
1.0202814213594473
0.6649730724147737
1.1415711695258353
-1.3431045943688906
1.194198488087431
-0.21268252183598454
-0.5402923605219949
0.6142211769612954
1.2412890906345107
1.8417083726148966
0.09549881949221116
1.2854910358205043
-0.4846446243048809
-0.9844543878720234
0.11838141837062502
-1.6341389340745502
0.49568791894586306
-0.570524953141647
-0.5376841267159925
-1.3181091448391733
0.32509376323570943
-0.6536064173318016
-0.49451905441706534
0.5646353646489466
0.019012078797977863
-1.8050080942407494
0.3797087035999567
-1.3276665495441136
1.6299628810647417
1.9009429252179064
0.14297950370173906
-0.5652271495200085
-0.7105956861840839
1.263199725289817
0.458845707427201
-0.44622046071721555
-0.4730337953050075
-0.5654918787660347
-1.97788971693625
-0.25651298411013645
-0.4768404886504812
0.7576583053065624
0.3304211134035638
0.020793703771213718
-1.760907100043894
1.7124442975165166
0.7556822611996128
1.6108498855565558
-1.2084201059374076
-1.00582423540355
-0.9582258569313087
1.1603433891702655
-0.3517790815623513
2.2531245217627007
1.9784795843779732
-1.2804635587554032
-0.001017841349304071
-0.1131604116683107
0.7557275674130521
0.11209345605659289
0.11861677234223397
0.47161173114372545
-0.6606798002566282
1.1924645243665415
-0.8402021883037631
-1.4306701255384453
-0.22049905972749068
0.4788150869979719
-0.581830567447943
0.828889979189067
-0.9709922407442436
-1.6533836460909723
1.5489149934080069
-0.03686471059268122
-0.6234891313523531
-0.37668384661170995
0.9716179023701857
0.8775581037491499
0.6942601902515214
0.6239108144134109
-1.1422957524498751
-0.43271506516874947
0.2939572402994852
0.2579038287797319
0.2487059954201953
-1.320402544931155
-0.8248819823897549
-1.2735587270442825
-0.4275187552486532
-0.8014940875696464
1.9003116277731253
-0.029872201352658268
0.34957871851319483
-1.0419174300718383
0.30813969436378774
-0.0019897293240411073
0.9593664756397652
0.6221130070204569
0.6339993688215294
0.3702531539548126
0.5100204927216636
-0.3691663668755066
1.041573645131256
0.27237407289591475
2.714207753468021
1.094100293648961
0.8330378022744422
0.2911613573956007
0.6288013545819466
-0.6336512271055206
0.09592634429122437
-0.4056142326480213
-0.44532525005572915
0.2318845521228172
1.1679595567955332
-1.9937471506392608
-1.9868240180787915
0.13746828476866793
-1.292113834609176
-0.23079399174998694
2.126913294032797
-1.861959876419598
-0.1757210792384458
-1.2829759180132174
-1.9463958856317203
0.6563394086473706
1.9551480179762644
0.07675747505251333
-1.508084534311426
1.0541629424771113
-0.12509644958076496
-1.2440829304510812
-0.79122421021632
-0.5645010973357169
1.1852679560662616
-1.5209703263569256
-1.2424008635462676
-0.30517546030510523
1.60183419899309
-0.8365805554121727
-1.1235720404738014
-0.9374609382203324
-1.126804759666591
0.4543764612264786
-0.9929610398700149
-0.45290695778130513
-0.33816687430338876
0.4596046619531279
1.2213875416550033
-0.059670792324374944
-0.3780845249625414
-1.58418355846787
0.0028686226041141675
-0.5053950181934161
-1.0472537145565202
0.7312825819359137
1.4947868755486005
0.7394193459851548
-0.7170075770402291
-1.3522220238840805
0.007123221021476472
-0.19074985610389755
-0.06403963718206925
-0.256634251733146
0.05947470612303032
1.2408944099676682
-0.10258932185997117
-1.4696176251072042
-0.8566574348088697
-0.35257239783860916
0.5500577371481015
-0.042807734354328136
0.5774355772851906
0.21434570787694
-0.6522938575818922
-0.3693485014112069
-1.6536805141402817
-0.8744171264241802
1.8403392261498386
1.1440575293331274
-2.361506194215489
-1.0073707675565915
0.46603816803751896
0.1207098892470619
-0.5329867242305087
-0.29672773195197005
0.20101470743607688
0.14793100618111085
-1.4173935944548204
-0.24488151806730307
-0.5666052710477654
-0.1428410692874803
3.2789573612552876
-0.5313749533317567
1.6594713706440865
-0.08099138009940277
0.971295056367772
-0.33721810238469563
-0.4918090476371707
-0.19307727571926195
-1.6307574777266252
0.5529850089851335
0.8784126010643796
2.0916249431981484
-0.6015051846843392
-2.3448459913953705
1.4182172447892636
-1.0273964188984923
0.6182130525173851
-2.7956201395541083
1.5421787552406077
-0.08013019344653051
-0.5036796927231072
-0.609648552988812
-1.3165339048521614
-1.7949441974222402
1.9843145540394846
1.3468017829180563
0.45265916515563553
1.2563937550552555
-0.0030643621508912497
1.3315621719254802
1.9503300627671105
1.1531825096179336
1.5224980390209215
-1.133581055859247
1.833761534277715
-1.5147616354630264
-1.7355841651112305
0.3384468083406961
0.8849394102419805
-1.6039110832473682
0.6326075133486385
-0.8844755414782772
0.9827799668298333
0.9139229581365936
-1.5822937758759348
0.6157167820448665
-1.5504302322221226
-0.30808529896204506
0.34822176958542744
-1.0595295597319876
-1.4108890317458234
-1.0744331564520608
0.30398949699848665
0.2835206124334962
-1.0376845738863671
0.27904042322326744
0.010588979118035422
-0.5425202432488357
-0.2452133825751926
-1.3527364907756536
-1.3626143231006214
0.2927155676126145
0.49734781490068536
0.05747863269867818
0.5123339918600104
-0.2270684231876999
-0.41188801970615374
0.3464355352690793
-0.3087775127702417
0.02933952571842628
0.4614615800970893
-0.6324111314502728
0.5539646970022337
-0.04172329190051005
0.23461423587229968
1.118333316755754
0.41719584500519186
-0.9625503771218417
-1.229111703142941
-0.32699606301014894
0.9649243385649601
-0.9018435903324528
1.6633759082917257
-0.6061855084114225
-0.18152831755489257
-0.6027069066959898
-0.11517827256863677
0.6591408740934727
-0.19914854956181144
1.2733229242807975
-0.3479650376118287
0.6340649270105259
-2.9654171626435253
1.767144398001778
0.4001440821423873
-1.4812671127230748
-1.2012329397356318
-0.8429940151233154
0.06658956082049675
-0.6323446752245551
-0.16241533708724024
1.8821535644696423
-0.45257966158599633
-1.842116529392858
0.2242404816100325
0.594544015522332
-0.24228599729726558
-0.15742026213455215
-0.014998820535977484
0.03286439885458424
0.19924364317883156
0.14692675437957808
-0.19352869231147696
-1.0713262346399406
-2.437041393603593
-0.44894271642105915
-1.3796646355534727
0.5438180843937112
1.9804242542262085
-0.15641233817087738
-0.3021243126317563
-0.11144645618267925
-1.4173225401819418
1.3628109057680173
-1.1472134526151156
-0.3694880416455469
-1.0107661784070863
-0.3300181926017589
1.226815451847019
-1.3310541330007253
-0.7715663666628313
0.33880217260695433
-0.7661018435931957
-0.4945166903613286
1.215916510166095
0.6019274166958618
-1.2003817224282134
0.4521734389560788
1.269753589125719
-1.0883787045607718
-0.15143666956338714
-0.052804489772019306
0.3151666992966532
-0.42963694338812836
-1.7398859293236917
-0.8479255917206064
-0.48410231335154497
1.4659030613222963
0.4398400404514706
-0.6617165195629899
0.7160239107283282
-0.15304834457732103
1.3696067752625987
-0.7343212344270076
-1.3279417806330962
-0.2582275458426189
0.33545620037341994
-1.1231312993731994
-1.1049847389119094
-0.8789628583161374
1.1586107110593251
-0.2671949760390516
0.5882998835733859
1.4514292999801164
0.15050695723519367
-0.7061979966558145
-1.784843133575012
-1.915474476836304
-0.24543691838485665
0.568455754568537
-1.462669939990382
0.5210092814129514
-0.53637305050536
1.7669444967308239
0.10444103756702218
1.8170793350346863
-1.0284488556929905
1.7663214578170998
1.988427504232743
-1.017795218856207
-0.5467429738370106
2.0624672466930063
0.9807224016071371
-0.2712885733895987
-0.6125982552606832
-1.3263763973430014
-1.1245547815914887
-0.6941556472322978
0.4002159511878918
-0.6526734008022478
0.012392847264550049
1.8746582698064516
1.9701575943924963
-1.3448867567141105
0.45339978258329017
1.323912206948504
-1.4196730786169691
0.009356396133031452
-0.5573592125530462
-0.08840807988436052
-0.2781949532039366
1.8347107054334866
-0.7828344762289955
-1.2838832246656176
0.7888573068888993
0.16920371437804504
0.37895275197880707
1.4683417355987196
-0.8208161687274325
-0.5538775790065843
-0.05914808735682452
1.1597035253209147
-0.9142261488284399
0.8144972627209153
-1.3257092310763543
-0.7606585213777485
-0.11591518061467056
-0.14045517033358002
-1.113177002462488
0.3815012703908796
-0.29416986156041186
1.9683250171324889
0.4960123056701618
1.599571630822789
1.0351422229158924
1.1712030921684637
0.2988605918542027
0.09460907934277055
1.1603425527637174
0.011366400129409527
-1.694974073679108
0.6943609809799621
-1.2876999909345512
-1.4481467667715748
0.377465068197363
-1.6300957275256767
0.5052791149321328
1.9073500820754221
-0.12143001817694109
-0.5082301215344319
-1.004459482995817
-0.4051287388293257
-0.4716198427868013
-1.9875494159978846
-0.6216001769021744
-0.1619349994781832
0.9338701075117382
0.23297064441921309
0.7955749070212221
0.5436852119547485
1.2017228367152752
1.3199533382550244
-1.0472475974124849
1.4931419310550003
-0.8387654568562287
0.9343227452084045
-0.4047603331833787
0.506785467468015
-0.09252898729141981
0.060738376453330974
-0.04194301634589152
0.8679374300784158
-0.7075376164531446
-0.37769615361960374
-1.5841560497255704
-0.46442515107767873
-0.2782314911124222
-1.2027378035444931
-0.3750518345851654
-0.5756118043525404
1.6955783014350856
1.1736552766365163
-1.8145762284454376
-2.0464466129471397
-1.6447206243195909
0.23933659346188763
1.0293390658816812
1.2621331009921395
2.5024582743563775
-0.20927853105089117
-0.69413028464528
0.6903321761066443
-1.2426504304180732
-0.48551616382310836
0.013207955532770864
1.0175248445941996
1.1325932148484854
-0.5239356730562875
-0.03190453030880501
1.578653803169486
-1.6264663007066158
-0.17451572305360114
-1.2502374706186625
-0.47708480315878016
1.3065359636560054
-0.11249829456754162
1.6997788477503002
-0.48713224005671363
-2.052021263472797
-1.1712057802869733
-0.6819865588280245
-0.5387298773587492
0.26387539553258055
0.07806851738214539
0.1369505619546891
-1.2363456344770027
0.2613275757589718
-2.1623061692207397
-0.7133206726232529
-1.0674970842305933
0.06657325316966593
-1.547588330273249
0.3040240547010438
1.62618456884759
1.1871575308186786
-0.20559742881303064
1.8287233583921814
0.13700965291099182
1.6814147614715518
0.5266541422238636
1.064028695140457
-3.157345752111642
-0.43281162595086764
-0.514895016640575
1.325490629587099
1.8233066570224998
-1.0601162707233482
-2.15551102217132
0.6439059779250944
-0.11417306784888032
-1.1178314657921253
-0.3737298775402144
1.3983635222349469
1.3332552505624202
-0.9626497480968289
-0.3595918995468543
0.9640129152949724
-0.33673610872451637
0.13416692920942197
-0.17101123333191154
1.7027890806295498
-0.6721384765721764
2.4137491993296156
1.6194265600778088
0.7539373264520048
0.7902194701435911
0.003923303680372885
-0.29035459190532287
1.5141336752785013
0.7136839788542197
-0.2390897026821684
0.5638697747107532
-1.3014328213963537
1.4751450592304955
-1.0829605196896384
0.6312312036680433
0.573485695338344
0.9020886396923246
-0.5301353498613866
0.9204681507234261
-0.11629666262218631
-0.3289948501550896
0.030256593290004827
0.10264352878665788
0.8342020769962477
-0.36055263558299294
-1.132486113098515
2.616117848743899
0.6352620670043176
0.16052477092034553
-0.701961191051709
1.6758700663226247
1.0004908416222082
1.5942856440836128
-0.20498790792441485
0.31919204531680756
-1.5830966460597988
-0.9123242594865106
-0.677607466918095
0.2094656771719776
1.116888217216702
-0.6775066892711034
-1.341970370642401
0.25116616301865446
1.502574176841218
0.14276150372289612
0.10067886143169293
-0.9887455970876067
0.7959547213147586
-0.3207032686715555
-0.8993336476763728
-1.473212711268848
-1.5149170945971415
-1.6880500272180499
0.2101303714278746
1.499881915889898
-0.46962312152779073
-1.159771828085502
1.5918885679692523
-1.6977815444934428
1.6537199118113253
1.292723723101125
-1.9920245826587368
-1.0679690716105872
-0.0993562742887958
-0.8516743122665965
0.21955470436979463
-0.20428344517781183
-0.5200756910079726
-0.8082202400803797
0.07848083699325595
-0.8091560325100015
1.080904249563041
0.6299459530849197
0.4813558654070133
-0.9014590703493016
-0.8658100947864978
1.2690901033487747
-0.7775697089997918
0.4949860154790236
-0.2139802059033116
-0.12820272457965717
1.2595599676913083
-0.7167715107936913
-0.7036273927446248
-0.4099105726573532
-0.314496711239534
1.2256261391758916
-1.7541987461240742
2.2470427821654657
-0.3145448542873375
2.888757009562786
0.12455921298606229
-0.14161499177302614
-1.6823174056622439
-1.3434634353536168
-0.36339651249789884
-0.19913789280830996
0.025637581723560704
-0.907790405922834
-1.2869583109445282
1.2376925818306659
1.3777548693685573
0.002837250440311899
1.2866008010177679
-0.680440581198716
0.9157462946923238
1.0077606415692661
-0.5769911934956415
1.575965297622288
0.23161030017986642
-0.053026216490175214
0.5230122143149822
-0.5884508357393224
0.0638216559937532
1.5809097658247993
-0.0421078499471831
0.8463154768526222
-1.9830581364201423
0.954788379804223
-0.32255881346032667
0.036231699149765616
1.0463034107031746
-0.155023635647423
-1.024283279828188
0.7579887768620336
-2.788352662931387
1.4536823598301387
0.07352021225192026
-1.3830635586293054
-1.0404913387150039
-0.9420341912707063
0.8531161107719721
0.4092427826116035
-0.4886572961627595
-0.9220382548535649
-0.090628052397135
-0.4124962484868534
-0.6705329989929352
1.8295469851208481
0.17293989274773716
-0.08763544069467238
0.6691611474741554
-2.0110549976402137
-0.170644051307979
0.5691583194924206
0.04832968609882584
-1.4449047885858741
-0.9445243457473581
-0.6325910570323011
-0.44511995811689614
0.6835761362530461
0.22827582208084835
1.6939286392547253
-1.1264863267792766
-0.2994747551498522
0.9779957366157147
0.656997233450482
-0.1690830306019541
-0.9904545118716495
-0.13617645778576654
0.7990900567958136
-0.6138874847035676
0.2222534310220886
0.11240117070309424
-0.7820610241723909
2.048553522430915
-0.14061268236153673
-0.19959787889211872
0.0435906587697415
-0.3680657223509134
1.1817161060735872
0.044954444464027396
-0.5440591760239715
2.278526444923791
-0.9023691737689546
0.9193070639286659
-1.6403912876106803
-0.6298088582879775
1.6125029068513836
-0.43835957802843023
-1.8453866057962995
0.5280457345163392
0.270001973622537
0.526938146386608
0.8654268549243289
-0.19955127208929543
0.6560200305454169
-0.6986916122248169
1.451533494063453
0.6685866030883002
-0.8774408652402869
1.2644018753945228
0.900717497514013
-0.47299908391833645
-0.8083438307918499
0.7507645620750099
-0.3125337593965466
0.02232417696112258
1.3955977721894044
-1.5279010907653328
-0.12285359051994504
-0.6542460205515945
0.7055878627639837
0.6890042684602551
1.2793246684358124
-1.428985555723987
0.46194470521284164
0.9224950167195328
0.6632614301005706
-0.3943533996173661
0.9603034930076301
-1.3511586248553897
0.33492973930147235
-0.3152239460899269
0.5324087894876965
-0.028811562007532383
-0.8320865787345872
-0.037524656488992475
0.9010951700866415
1.0487742672210034
0.2953132436666601
1.119398771027999
0.5041146167276079
0.5287162631452469
-0.678088178443516
1.4831010820695325
-1.2304252908991444
0.19788365736264066
-0.16903264065669693
0.30479763090433676
0.5680571211821046
0.5762842563523006
-1.9175284692222376
-0.040749700643677354
0.06764138441453325
1.5898352077817406
1.9270952635233967
-0.8072443167210539
-0.3880371968909294
0.6213780037313584
0.8010588738243009
-0.019029551335780576
0.1000919316145254
0.39693611965105813
-0.47804484630573973
-1.29844286382291
-1.1181143223279337
-0.1628828713336891
2.0368151102874728
1.2816088026796595
0.130488450414522
0.2472682701829447
-0.31281576073007106
-1.0297769837591422
-1.2746916022615926
-1.7343633134841758
-1.1382289077636725
-0.474063891703591
1.2484212400338652
-0.33344106215080455
-0.912436165152449
-0.3261092277287708
-0.7553285714073799
1.4186345996305003
0.18739437964646216
0.1894651202536884
1.5008834462528395
-0.6005959454396534
-1.1422648239765707
0.7477419234048849
1.1890410766436859
-2.0159513764808974
2.5465739424816727
-0.08942443260655475
-0.057456005550780134
-0.9266758241272306
0.13157704678916698
0.4424528822148555
0.3775883898633374
0.9918949800234876
-1.8039092600965538
0.6456232270381577
0.5384379127912656
0.0993709827385621
-0.3067423727460065
-0.17958320655225518
0.019458544354114458
-1.134105580650756
0.9165380317677759
-1.333388120245082
-0.7964790279824127
-0.8816879400442564
0.40227411934915724
1.285703508748141
0.2903014478020872
0.5171741291084023
-0.5285756273449167
-0.08762470819722282
-0.652434539293607
0.4579899919418172
1.050339832077898
-0.27417710379790783
-0.021381986056227067
0.03936726616851406
0.3160689298703251
-1.2618792615793526
-1.1867526191974074
-0.16670171086093324
-0.06167538518060148
0.8291895093243707
0.7552495833270161
-0.2809383522666082
-0.5026991665241937
-0.2590910673771481
0.9458978738861248
-0.8897813598753598
-0.34677111391692095
1.6847169562892488
-0.9603129108260263
-0.8436604180474726
0.5002132470289635
0.0067569080432881385
0.24254188845504754
0.27996549635688267
0.024620856143388405
-0.203395654152604
-0.9569655540579645
0.8622636249666938
-0.585726933315392
-0.05727551188003821
0.16346419790453573
-0.08038081639975726
0.9089770021793031
-0.01650003658805471
-0.41383374686073826
0.059879892627110125
0.10106151709689477
-0.04023510753807938
1.8648806398984061
-0.6101700710280458
-0.17878556984838648
1.3403516064423837
1.1287415991982315
1.7230472496647726
-1.0161023610698237
-0.666161564067972
-0.37927820092052367
1.48223565369554
0.6037988304920721
-1.9772873043823773
1.4885520064185638
-0.5759432917459831
0.4091361611352848
-0.33286874160044017
-1.671615491998612
-0.02246975096132859
1.0302611906478614
-0.29775789767333205
-0.8598080388889603
0.018533262600877447
0.8159205538522354
0.2191133317706936
-0.15375021905416497
0.0949643847984286
1.0492759005985968
-0.5876198404807484
-0.8851367364247992
0.34210717293515874
-0.39325719517445923
-0.5999230291795988
-0.015477369215433577
-0.34095705666058485
-0.5851363629294525
-0.7753010716008213
-0.5505960040034708
0.028734962139967773
0.22442011021840824
0.6330762230367609
0.03153876629181327
-0.7423939963527227
-0.6141323771743015
0.35055557152739897
1.3533276674383576
-0.07059376682994072
0.043709746377609084
-0.028765844318027818
-0.2751349982301467
0.48662768500067466
-0.0265759305169432
2.1932015112310874
2.177284641403497
-0.3114255078015918
1.1585948073499552
0.837089499270642
-0.5538804596237522
-0.3485690320209204
-1.376484811784326
1.7017097624644495
-0.6576477717846456
-0.24647204054356933
-0.41726627104247355
-1.9251703374146885
0.03516955899304849
0.9409867854225688
-0.4235795966283257
0.8303582478168238
0.6968057899790484
0.07776445408685911
-0.604094352776439
-0.9249823569579215
-0.20443824765704915
0.8993027992947199
-0.4534253800111038
-1.8283735485156858
-0.8580768042480905
0.027036330136801172
-0.4963240504799659
0.1556832298833802
0.7859509892844232
-0.9077892128422332
0.8606158800507088
0.7659494709058221
2.5991727898409747
0.987261556322701
0.43899293489157504
0.6885397203311234
-1.281174709626537
-2.30230488488049
-0.1243353527257287
1.1165073134306058
-0.8795075995710017
-1.4972366938406692
-1.208265970049095
-0.9766919575537157
-1.244707503736849
1.465666907771409
1.2161162034771182
0.35282395143831574
-0.20806409334241618
0.009012549684626215
0.2893018003213544
-0.5500735593782323
0.2502508401211592
-0.4689474843992185
-0.23523694909189058
-1.9101034328262525
0.2930547046041987
-1.5756152750087549
1.4679131325505888
-0.49851606787875824
-0.27673692327848687
-1.3362812633180992
0.0022076793780158735
0.04926869337642678
-1.0444050311387083
0.7194292027358343
0.897028992229539
0.3633538054179275
0.4150419066489075
-0.15479291334147213
0.3198046295172613
0.7313279375039525
-0.24561588940649115
-1.5469985762028324
-0.491060731282197
0.4728372956032406
1.1235580204052094
0.8247427510369469
0.684008952430354
-0.7087463067965605
-0.23650351946031165
-1.1228091549690549
-0.8248418574032746
0.07099062271224517
0.7090228051225823
1.0205780830192877
1.2835225122874734
-0.26149662435460713
0.16297374288308983
1.2313186599990973
-0.4175652354778924
-0.17771102661345556
0.34511275504305006
0.28207052818806555
1.3220286421038419
0.720582687488916
0.14919009007501446
-0.22288542805515782
1.3148560531128826
-0.2857982337317376
0.0721818201050644
-0.6326613956106769
2.478109076843236
-0.7624341780757685
0.6813277745354227
1.4737876448205656
-0.3986328210441616
0.3003757511182407
2.15088022458817
-0.3208163169882566
0.513612373224157
0.4170309225760569
-0.3317838899159206
-0.5439035689837545
0.7248493403348357
-0.1230933007701287
-0.30900015212789034
0.054555274997933105
-0.2400218606354975
0.15542297951319345
-1.681253785036461
0.6279463437825664
1.8913684780271207
0.7332116554041723
-0.4513907037216672
-0.6594370001455248
0.8074998329374321
0.33918735640921555
1.3431866425580719
0.2068009805417988
0.8765558248400378
-0.773531679830045
0.3695204054576299
0.3646143126470353
0.7451046705250317
-0.08066799010710304
1.381074931332466
-0.11037293405235586
-1.9844968668734666
1.4237877537526256
-0.9855133220566427
-1.1305380938492964
0.6869639746140851
-0.44951757785122154
0.25877492953370895
1.19640126171009
-0.4125651729050003
0.514589723435954
0.36174696344377577
-0.05422464575191939
-1.3234421118073858
1.5483081611363563
-1.6895638311038415
-0.5532152317548569
-1.5206228466156257
-1.041127928801437
0.4656143278856744
0.7123547738205361
0.0448736863888181
-1.779723070474972
2.7550786009996364
-0.7024417155418807
-0.09670943586214832
1.1733933674442614
1.2159292704294875
0.5520454929729591
-0.2962351669136759
0.12024131590372514
3.082815086392593
0.4982361711435091
0.0971465474423788
-0.35370383070133055
0.6892210656608779
0.5908412756006651
-1.2740934869201368
-1.6599188578875643
0.7608741413591222
1.2937090534071651
1.1961549341447468
0.33931022117093984
0.31213093913261564
-0.3825624629789756
0.2733545124162708
-0.2335290179415501
0.04679727217889118
1.2064540654827152
-0.1359273573870211
0.42866996782139694
-2.1630232167852164
0.7633472553777457
0.08769070887318305
0.6009670560233462
1.2881239647194345
-0.9337255204749082
0.8389038109243029
0.5576244693008092
-0.8969511912061776
1.5671406678179507
-1.1704423954988443
-1.147364833367322
0.9219572597993173
-0.25930797021645213
-0.8627327999967763
-0.37833145268092205
0.01500382427601101
-0.7442570519391457
0.7607821713592934
-2.7332988991820146
0.7295056780053144
-1.1267457241295944
2.683372676384581
0.1791704240260799
-1.0145412124290956
0.0401761600066007
1.4363821774768477
0.1189053168863484
0.1650326224827673
0.7615017861824926
1.1607320350945443
0.24278671960407314
-1.5603058692112373
-0.5453152802269636
0.22227877669524593
1.6976969868745666
-1.531780463131184
-0.851559162363269
0.17213748044964527
-1.4341989942745914
-0.6583365203632017
-1.2081882375865907
-0.8355345430061987
-0.06669597561755346
1.073233800775866
0.7048226043566319
-0.17992769851685725
-1.3833921785350063
-1.1984729539386443
-0.5052748231358568
-0.9589641436248666
0.7044505298048653
-0.33009384318762974
-0.5562750410865729
0.3869812336450793
-0.23935846675258116
0.398292220992112
-0.48421794689050573
-0.5411614966210508
-1.5435739000645954
0.144829715031717
0.8026494465633336
-1.2448317307872343
-1.819527352563724
0.234598753730342
-0.8752623729514049
0.7379456665143574
0.3587568458958017
-0.24725562695307549
0.04046053001901649
-2.3649897103152204
-2.501601314499042
-1.0717201627516755
-0.8179426245047002
0.5942644461926263
0.3931365599329043
-0.34464910452172287
-0.6720991952946948
0.8669953604321722
0.8541865031850431
-0.4784719982409386
-0.0754798000563798
-1.230238751306322
-0.03853792447102698
-0.669737350475586
-0.5569064829847967
-0.26957147224793515
1.2832522973548357
-0.19756195641201493
0.9877539448869043
-0.9303067281252304
0.22052073023087665
-0.2226339034187918
1.1211783820397228
0.9810042494543562
0.612742409952023
-0.02863648855954168
-0.6605547987797304
0.2309236820623654
-0.24810552888863094
-0.04019696019018353
0.6979564821148176
-0.23373896506730407
1.0684704747632172
1.6592630844441532
0.22409065471022124
-0.7716336719972279
0.31865580026250695
-1.8463700836841068
-0.013400968351148651
-0.4493907248181165
-1.2339547381566065
0.5888165961819423
-0.5747637246190945
-0.9802541242383016
-0.274157752213437
1.9834851856564186
1.5883325097282162
-0.18797432879597137
0.5512860051924288
2.2257831843931952
-0.9031140919454872
-2.5591511485910283
0.8089241161059177
0.4223106239253076
-0.056801421985228424
0.11486264093057277
-0.7075291438668154
2.432741991291889
0.6280235736599099
-0.026879860267818616
-0.9176634487194033
0.37364646744791646
0.9669390267588376
0.49118657305658125
1.5947663181003346
-1.0034084932037746
0.8360632895324297
-0.6010303529120326
0.04062519876338824
0.616017398273403
-1.7894063023763203
-0.7230654933767565
0.030164828008896485
0.2138364581226748
-2.1105958656904273
-1.6749489234344888
0.8261356847526489
-0.6199507627544348
1.0689024301397176
0.30680264458103035
1.1463944081707194
-0.8098366307345594
-0.5910503178027368
-0.2936258462920243
1.0218782610169468
-1.4420960167470576
0.5647256837135929
0.5135050687876579
0.627643375799175
-0.3210160697346594
-1.4146488653929654
0.5451854644508736
-1.3546610017426266
-1.721485049358286
1.0298489741884205
-2.0803191770766496
-0.2623836123701493
-0.32792178916697373
-0.8915682167985225
-0.05372623777180841
-0.03606992464205112
-0.43154212912316814
-0.7171119851338015
0.24728016857114224
1.4297653112429067
-0.5758365429872141
-1.577075826482325
-0.4082917268219488
0.474776908155453
0.8504200085108424
0.7957017248895011
0.5814440090827289
0.14064990552220832
-0.9968478615456932
0.5521634993794388
-0.8870565898288659
0.9517680557081827
0.4215483704696511
-0.5324361308822162
0.22884497311268412
-0.7810284717087614
-0.407986569100582
-0.7304660951385014
0.49866678746776294
-0.09361466788420161
0.8096939931779629
-1.8517736000936065
-1.556923264974027
-0.39508507779849533
0.3618545171378567
0.1735764323011952
0.23636062468401306
-1.3233685710766478
-0.5286952691494904
1.1116834634086088
0.10045074673725018
-0.06286310053519616
-0.5272621036361926
-0.9527882897774036
0.8910318888084148
-0.5655023955016804
0.5640896134221484
-1.3107748563792507
-0.02975102521232794
-1.0341425559924635
-1.0213447384395706
-0.7125650032101988
-1.1834255412332182
1.126230202299746
-1.2520969141003169
0.4465932657836872
1.1822208805201195
-1.8444374417908007
-3.067222428433209
1.0485942450666386
0.5366618596999928
1.4723803965582718
0.4560550521453186
0.7759330700966077
-0.990286519819014
2.304814777295851
1.1947531374355167
0.3747905300691664
-0.7203361452253625
-2.0785084818737958
-1.6267602090444842
0.40986888296673457
-1.7445544224655496
0.6247221517426621
2.94890176754812
-0.84562311665105
1.905134251824274
-0.3742006667072289
-1.4942144953993695
-0.056994822435625155
-0.4967375329601772
0.171090951381133
-1.6075466917913521
2.3982871439994486
-1.9168812546837761
0.9793275729894039
-0.8717520231148844
-0.6553565029296815
-1.4579892073829315
1.6593699093889498
-1.2033965337407848
-0.5937131298127162
-0.6529849628947861
-0.1889286839219671
-0.2536027703484254
-1.2112163218603127
0.5249132760159974
1.3912518678399552
1.150632409264799
0.36209740563128306
-0.5642688293164506
-0.6884943935896602
1.9513612708954757
-0.15930341473109536
1.3699730792861007
-1.2555133991857088
-2.34750609582211
-0.6112032151083705
-0.83460725073184
1.1880209848074352
0.7712320234353359
0.6273137264587448
0.7736437414213728
-0.12579072841694022
-0.7789547913945023
-0.6982484254764524
-1.1135275054778
0.9969779219255703
0.6139833951916911
1.8357173309601444
-1.1791482844493553
-0.6483672775549038
0.1469752777052818
0.2866315621698444
0.30222684513715964
0.4809180076559523
-1.1176360126027531
-2.5419763313080233
-0.6059210766031705
-0.4813935141272905
-0.009853554772702812
0.5368154970673729
1.0988686627385102
0.9336278559648403
1.435652954307686
1.8244697153087799
-0.44489066609883077
-2.974377438112183
1.8028406313982712
0.5868208647841939
0.8205667514223975
1.4857658890251697
-1.5417288791449746
1.5876558897110264
-0.16165602241282742
-1.236464835199572
2.5883495882328558
-1.1180011200367235
0.9947058615885035
0.8379425625402912
-0.7946476148885793
-0.5275402253082948
-2.725447692001124
-0.09771659629864854
-1.145571635061766
-0.12133960777221545
0.012113704249183942
0.1949034695160486
-1.0846478986993422
1.1934424510849528
-0.9743322470723366
1.4609696961705092
1.1511133940385612
0.4111636206507968
-1.3781480800729513
1.4390951226457762
0.10047248684631609
-1.2877060993145544
-0.24219751766709016
-0.05470795769860066
-0.9197740329458574
1.2675044692511097
0.7725193512874132
-1.0205964287278926
0.5974019951665208
-0.3538948644485058
-0.16460372822452723
0.4775056267654815
-1.8804980958585655
0.37326405077271
-2.0030261724338607
-0.9631346582361
0.048626047964461086
-0.6767256328744571
-0.7290018417187175
-0.09429844364964378
-1.863132141803014
0.7943004988781205
-0.01206521241699353
-1.7829490508397374
0.7218427112526268
-0.0547651592018896
-0.9901982503364104
-0.3168224264514764
1.6475756695260235
-0.6902104138845775
-0.1220871606220264
0.4009734860719433
-0.5719041207598123
-1.8363096804400083
0.4234638915081411
1.3618291908878706
-1.6051654381664868
0.7537170115660071
-0.2794694694538801
1.6344625208837478
1.197108733917863
-1.0573211283809756
-0.39575602756987427
1.3910601787966652
0.33978034298322757
-1.1142260496355654
-0.38644114782373373
1.6938455385198818
0.1943192588955071
-1.4440034168335567
-0.696139647608815
-0.49799347356616747
0.034404852935506366
1.3972883584420548
-0.809960015768953
-0.8608203086649033
-0.25686475872863324
0.2948481348622003
0.6655187223430947
-1.1439736167611598
-1.232342464161812
-1.7077848670306233
-0.03660074937011427
-1.007807081608473
1.4403826728199094
0.8448482136701319
-0.9358099392065606
0.6359543238945448
-0.618221709821033
0.6372694321774355
-1.6988298807274205
-0.3099158131750907
1.5314919707403907
0.6688418347440384
0.5972972741171487
1.2724438965650668
-1.0163131407238426
1.2049283853115116
-0.2825061922592478
0.9636265340746842
0.5940832003578486
-0.1769122406384395
1.1478849926353778
-1.47790157081638
1.646241005330692
0.49684094130305917
0.5700451598260221
0.2983185451645724
-0.453696704318725
0.7662615060626707
0.19632164836194907
0.18296532025871504
-0.3508121674179341
-0.1054921920546754
-0.050585289544768694
0.6145754535447914
1.4340087741309357
-1.5361507752780077
2.3220405441622782
-1.5707049252797791
-1.2859775396479063
2.0402676390743077
-0.6173865861851713
-0.3584046933192193
